timestamp,machine_id,temperature,vibration,pressure,failure
2025-01-01,499,67.95465055777561,0.6374672124507387,30.61075082188676,0.0
2025-01-02,499,67.22287076813348,0.5604141412173513,36.02137321831422,0.0
2025-01-03,499,69.01388667447678,0.43531001857350354,31.6246683206298,0.0
2025-01-04,499,62.98701304761943,0.635168609650831,28.506900163725795,0.0
2025-01-05,499,65.18375554109751,0.4136564154342912,30.42303713344327,0.0
2025-01-06,499,71.4408173737668,0.498912892149517,25.868637336704285,0.0
2025-01-07,499,65.29597266883093,0.43559576449906173,30.21269961486577,0.0
2025-01-08,499,67.87657201377459,0.4998042868004155,36.391920004010856,0.0
2025-01-09,499,69.44604647385928,0.4285243404239253,24.89944673787992,0.0
2025-01-10,499,52.5903043915076,0.6618842126293125,24.298564364659775,0.0
2025-01-11,499,73.58856871450084,0.5843069128268913,30.763370539982656,0.0
2025-01-12,499,71.07989656453798,0.4482739310913684,33.50692174907903,0.0
2025-01-13,499,69.321291460557,0.369975453848856,38.11443068937896,0.0
2025-01-14,499,68.72177360258142,0.5673596968962978,27.752115131330868,0.0
2025-01-15,499,67.55219189885068,0.48936390181719697,29.063811271836904,0.0
2025-01-16,499,68.80969910393682,0.5047035012749228,28.969386741184273,0.0
2025-01-17,499,72.67880494127071,0.4318210079286945,32.610433477432856,0.0
2025-01-18,499,69.4707329374108,0.5100365644120841,34.558921539907615,0.0
2025-01-19,499,74.49548864062425,0.6157157748694237,30.28192328183526,0.0
2025-01-20,499,75.46056666330722,0.6458734033006949,27.567076700179324,0.0
2025-01-21,499,73.90812770597267,0.46890893501895226,31.333523503860768,0.0
2025-01-22,499,66.7948792631285,0.5655667082965156,27.633743619565692,0.0
2025-01-23,499,67.50533870637732,0.4509346998530589,31.970038185869996,0.0
2025-01-24,499,63.01416292453185,0.43486896870373815,30.59418344334887,0.0
2025-01-25,499,68.18735156112488,0.5531532038710356,32.85647116736928,0.0
2025-01-26,499,77.23802707684219,0.7131716461818645,30.67150524046828,0.0
2025-01-27,499,74.29670124398334,0.4223007338199616,25.514319264099612,0.0
2025-01-28,499,74.20682250747387,0.5657455756504189,33.69137339148363,0.0
2025-01-29,499,74.20194581443597,0.3995225466037965,36.08672844243038,0.0
2025-01-30,499,65.54540253466736,0.5122566589925497,26.793651543957427,0.0
2025-01-31,499,72.63312950581197,0.5503609278735879,30.496254340459153,0.0
2025-02-01,499,69.53081118703004,0.480322266181055,31.62189744812178,0.0
2025-02-02,499,70.60735064388018,0.5480569693899048,35.24215643055066,0.0
2025-02-03,499,69.16412649197117,0.6123648287201906,31.88030767092826,0.0
2025-02-04,499,65.78979058714604,0.48024374849639134,27.40988972817569,0.0
2025-02-05,499,70.99155576923927,0.5234052858157965,30.88713422945898,0.0
2025-02-06,499,67.32440577013693,0.4595937760031321,30.768569482664248,0.0
2025-02-07,499,78.13138657857424,0.4812660195884186,30.597972524556322,0.0
2025-02-08,499,68.37582226844026,0.5741868913892734,31.468878171866322,0.0
2025-02-09,499,61.90408892241376,0.5217869032971282,28.815130739934258,0.0
2025-02-10,499,65.93602860671956,0.5749964995017613,30.462022255610258,0.0
2025-02-11,499,78.07117920315314,0.6373266710207257,28.29283848736248,0.0
2025-02-12,499,67.21369013851586,0.4621309950648851,33.495629722495,0.0
2025-02-13,499,68.1039706417198,0.4926245754176005,29.268183524471894,0.0
2025-02-14,499,77.01518268551736,0.5647779613997429,31.8109793273569,0.0
2025-02-15,499,75.69524290071189,0.4147232306724689,34.811512282932476,0.0
2025-02-16,499,65.49549099010697,0.3751690856228296,30.374192995291107,0.0
2025-02-17,499,74.30600105837357,0.5105346423557343,32.09082582505276,0.0
2025-02-18,499,69.89849002561515,0.4367539982206847,34.79941042770699,0.0
2025-02-19,499,70.12442880779629,0.4861733214188789,25.24151397787449,0.0
2025-02-20,499,71.9473764324858,0.4338257149171657,30.200481602127088,0.0
2025-02-21,499,66.0077883385177,0.47527449495930996,27.37423634242193,0.0
2025-02-22,499,69.33007342142129,0.4349353302475256,32.38143939419328,0.0
2025-02-23,499,75.75711412065976,0.7278978048496434,34.69788871939498,0.0
2025-02-24,499,62.856387947831465,0.3759902034562676,28.39063721134797,0.0
2025-02-25,499,72.41556636071896,0.5288473461449126,28.952204795100393,0.0
2025-02-26,499,72.94666314133717,0.5594135925113695,29.167951788612818,0.0
2025-02-27,499,72.48119692384813,0.6229478810138789,25.53994945214952,0.0
2025-02-28,499,69.44708298141501,0.6447268806708556,22.97008498555182,0.0
2025-03-01,499,69.47369919713809,0.6824743181085429,27.1471664969675,0.0
2025-03-02,499,64.74019414244785,0.35454668908610676,26.810354286066566,0.0
2025-03-03,499,74.16332992027753,0.5802903178706537,30.40290995806278,0.0
2025-03-04,499,69.2902052213866,0.5261411362713398,24.45746439820275,0.0
2025-03-05,499,84.88802417368154,0.5173112577684064,32.607662317370206,0.0
2025-03-06,499,77.94792164262337,0.4797858911936927,35.948841954879825,0.0
2025-03-07,499,74.08453289616213,0.5599366937998639,29.731418030684765,0.0
2025-03-08,499,73.52572043287992,0.694423936794041,23.225977720666577,0.0
2025-03-09,499,80.31338242573923,0.5588350684712812,27.24120371988984,0.0
2025-03-10,499,70.05790652381148,0.47444611448320173,29.76344139317513,0.0
2025-03-11,499,70.96930698414097,0.30349981230618833,34.78504552763127,0.0
2025-03-12,499,67.55016919590483,0.661509995823665,30.13885330041459,0.0
2025-03-13,499,69.08640602605547,0.5124267040030531,30.931474584074852,0.0
2025-03-14,499,75.30987793886823,0.716240054237143,28.751693132815312,0.0
2025-03-15,499,80.25263951085275,0.5484569287786991,29.48936988444259,0.0
2025-03-16,499,62.66285375537867,0.5136086871197437,32.16040678206786,0.0
2025-03-17,499,65.47366638429867,0.4858386097887758,33.66077469402321,0.0
2025-03-18,499,68.75039977069605,0.5513339166589312,28.797860095188668,0.0
2025-03-19,499,70.9692421033173,0.4600926988497246,28.28506286615156,0.0
2025-03-20,499,73.6708183857849,0.4251139285382749,27.270993317348072,0.0
2025-03-21,499,74.82160582658989,0.4867932194813522,32.73586162311627,0.0
2025-03-22,499,72.18678474745346,0.5788281212532831,29.693055638685365,0.0
2025-03-23,499,71.6726014477007,0.5172723039259322,30.477331285481537,0.0
2025-03-24,499,68.97942531247243,0.5077142044176175,28.026852370423576,0.0
2025-03-25,499,72.93092971365118,0.4953693201036987,29.131332356407924,0.0
2025-03-26,499,62.785101197835246,0.6202301435489954,33.16619438811466,0.0
2025-03-27,499,69.99518510218351,0.4787763475071943,31.766491575427803,0.0
2025-03-28,499,65.13454630464736,0.508889685241018,26.591957932183625,0.0
2025-03-29,499,70.97749458801225,0.3869389515422855,27.94590087498399,0.0
2025-03-30,499,62.85991924390456,0.6737253342795233,27.471161806361625,0.0
2025-03-31,499,63.64606222362255,0.21008344944681318,33.350596732761325,0.0
2025-04-01,499,75.01894503031238,0.48394688271558206,30.44012259512755,0.0
2025-04-02,499,68.13521095262342,0.2758035806991716,30.28191733756248,0.0
2025-04-03,499,56.69819389010629,0.7523080069509658,34.133597240209355,0.0
2025-04-04,499,65.82438892174783,0.5101480498475163,20.269197935278925,0.0
2025-04-05,499,61.34991870208709,0.41173519357688054,23.643308176710974,0.0
2025-04-06,499,67.59605271469783,0.39386070175409016,28.90452013655528,0.0
2025-04-07,499,77.30354728983795,0.41630310063720555,26.298263036913966,0.0
2025-04-08,499,67.49695045918202,0.5710591887456355,35.2371969306672,0.0
2025-04-09,499,65.39453440940031,0.5778690294774819,29.32976182808635,0.0
2025-04-10,499,68.46324127272696,0.496109895258129,33.447081587656044,0.0
2025-04-11,499,68.48409718563013,0.5600990413701841,28.92328234221017,0.0
2025-04-12,499,70.29060237018513,0.5391269381551018,27.221615175773604,0.0
2025-04-13,499,69.02486512539954,0.5895654750841859,30.186673023203877,0.0
2025-04-14,499,69.75933490585504,0.5828415500571631,25.41228103939815,0.0
2025-04-15,499,73.94382454514542,0.6124021338326686,30.23611671847796,0.0
2025-04-16,499,62.1668270979829,0.3562875977724845,28.1010487644741,0.0
2025-04-17,499,73.7804891346993,0.5081358368536467,32.94618393357538,0.0
2025-04-18,499,72.44038385235923,0.4909870054072612,28.796613855048644,0.0
2025-04-19,499,68.76544277773506,0.5074000872869945,29.4003204057921,0.0
2025-04-20,499,71.48214240275873,0.4710922697755596,26.208972340852828,0.0
2025-04-21,499,65.34652887070472,0.49525197929049075,32.80807513550781,0.0
2025-04-22,499,67.9765761135615,0.6165129515318535,26.978920927218258,0.0
2025-04-23,499,72.9728167240847,0.6602150946286706,32.21519510941083,0.0
2025-04-24,499,71.01701249499813,0.45760492216352033,24.010386279278617,0.0
2025-04-25,499,64.14733187443355,0.37090461345320647,27.325711151646523,0.0
2025-04-26,499,68.52068857360891,0.6353519681977002,29.820659609215515,0.0
2025-04-27,499,69.34604408679958,0.47409006036666057,31.62933016497097,0.0
2025-04-28,499,68.03864913821161,0.43139178979624165,30.100897284705262,0.0
2025-04-29,499,73.16781852786293,0.42600612997436255,29.75571043548247,0.0
2025-04-30,499,67.08875966705634,0.4657352897431747,30.970460480494218,0.0
2025-05-01,499,67.01911319318275,0.4282837083557851,31.056775771076683,0.0
2025-05-02,499,71.57098395387469,0.4296019949725757,25.936670177722455,0.0
2025-05-03,499,73.12543513860399,0.38599201394747534,32.7566772968808,0.0
2025-05-04,499,66.6980433234498,0.46649669734628146,27.978026318179285,0.0
2025-05-05,499,63.76078704281944,0.5906019208171037,34.10648352305676,0.0
2025-05-06,499,67.27592819929713,0.516756619667919,32.253129731732606,0.0
2025-05-07,499,67.65710768721182,0.4897599248356937,30.879867225364706,0.0
2025-05-08,499,64.41948431044412,0.41235082923227795,24.692295883827427,0.0
2025-05-09,499,79.3051774017691,0.4062501640539244,33.13450622054073,0.0
2025-05-10,499,67.24838944272344,0.5873541709039253,29.352458989974465,0.0
2025-05-11,499,67.88559168140421,0.31515806779002253,28.170328994856508,0.0
2025-05-12,499,82.54669543356279,0.6086286795447171,29.616857299771116,0.0
2025-05-13,499,67.63972117865669,0.3704457362364276,28.281051721260063,0.0
2025-05-14,499,68.33378853850147,0.3768069742444789,25.68041029208145,0.0
2025-05-15,499,71.67137099208166,0.6126078944141659,30.77782152418941,0.0
2025-05-16,499,68.55932778741999,0.5984536537485575,29.04600622663139,0.0
2025-05-17,499,67.67077476227162,0.40091053976712765,26.04837669656515,0.0
2025-05-18,499,69.34859296243779,0.5436287782755203,28.10067079731624,0.0
2025-05-19,499,65.60091128917993,0.5374992756745283,32.51732612015138,0.0
2025-05-20,499,68.66816058168179,0.5778554676417516,33.6285747973695,0.0
2025-05-21,499,77.45070393622916,0.5929752066557057,34.62954327976335,1.0
2025-05-22,499,67.8741681106448,0.4660344348760502,28.347255112715974,0.0
2025-05-23,499,71.58918444518527,0.632773304178707,34.20063739446626,0.0
2025-05-24,499,61.03259472868099,0.32329480119624127,29.348669256830014,0.0
2025-05-25,499,71.14488190144657,0.35320060744833515,28.803202522006803,0.0
2025-05-26,499,69.29961128083552,0.5124611922768809,28.70645096448844,0.0
2025-05-27,499,73.61045370480672,0.5065587666480885,30.760823567405986,0.0
2025-05-28,499,68.43065180909163,0.427543292290719,34.37426584013587,0.0
2025-05-29,499,74.93849295602617,0.5498185925302419,31.732897424708796,0.0
2025-05-30,499,72.40665475630627,0.5770408427007274,27.219336042670935,0.0
2025-05-31,499,75.6549113266614,0.582180367255284,27.904129550633467,0.0
2025-06-01,499,73.64332336354919,0.39259113163721837,28.264974160424504,0.0
2025-06-02,499,61.764283609041804,0.4769964244550543,30.230322404920955,0.0
2025-06-03,499,71.94800995307044,0.3586799600867289,27.726077996710877,0.0
2025-06-04,499,61.51746372240328,0.4716967653846555,36.330431013517114,0.0
2025-06-05,499,76.35465277437262,0.45387770657248633,35.34372918759956,0.0
2025-06-06,499,71.80662742087709,0.5475791116218641,30.497738207697346,0.0
2025-06-07,499,67.19643749210682,0.4521921171627173,34.28255463288765,0.0
2025-06-08,499,69.6859921861495,0.46257492772913944,29.15855953794794,0.0
2025-06-09,499,73.0134221969266,0.5369346088582367,27.681468071345414,0.0
2025-06-10,499,65.73715836108494,0.6013537848923729,28.651282117796974,0.0
2025-06-11,499,69.23632320695245,0.4947046581213042,32.83634319045562,0.0
2025-06-12,499,71.10875728505104,0.4141991134601692,31.184618948715737,0.0
2025-06-13,499,63.103268595274486,0.5426230739525522,26.060726757787176,0.0
2025-06-14,499,61.99275239510453,0.35477189478643334,30.450008432881514,0.0
2025-06-15,499,71.58357545178865,0.508142637400291,31.664829688369313,0.0
2025-06-16,499,66.43518788996313,0.4785940430588565,28.545261373491236,0.0
2025-06-17,499,72.19666490430068,0.6825622078912514,30.685985400132598,0.0
2025-06-18,499,73.99315543912287,0.5936753359968346,37.364178873909786,0.0
2025-06-19,499,62.496456319063014,0.18711083093881192,32.77138177728267,0.0
2025-06-20,499,67.98287932624145,0.5490942936869433,30.656153028779563,0.0
2025-06-21,499,56.253391909028956,0.5943746923919013,27.75957334718326,0.0
2025-06-22,499,69.88351896261513,0.6592794123287167,26.412165315142982,0.0
2025-06-23,499,75.57809367986486,0.41443114525486785,24.07350195643729,0.0
2025-06-24,499,61.417011234763116,0.5412653967301945,34.665343788481124,0.0
2025-06-25,499,68.56696875166782,0.5078121225312762,32.862858318344976,0.0
2025-06-26,499,69.85180638864675,0.2691248374111793,30.06112974075296,0.0
2025-06-27,499,68.86029775320002,0.32280051020458944,31.50504729624074,1.0
2025-06-28,499,65.665328473214,0.471071457843176,29.531307737350883,0.0
2025-06-29,499,79.64768352038703,0.7047592685293143,30.451457925510606,0.0
2025-06-30,499,74.70005838527729,0.5802154881116329,26.81122876367722,0.0
2025-07-01,499,77.38751545724263,0.5816507384490002,26.769609095944418,0.0
2025-07-02,499,65.1237652826465,0.610278130892691,34.012668036486204,0.0
2025-07-03,499,64.09855559384317,0.4397847912080714,29.53364742189744,0.0
2025-07-04,499,71.98475194327082,0.5258776601529703,25.031642962239495,0.0
2025-07-05,499,71.39715176834866,0.5360037969300934,26.16539905206008,0.0
2025-07-06,499,72.1231268724554,0.5760910679436201,33.96375819749686,0.0
2025-07-07,499,73.73179335317234,0.47233661597241133,30.631322516956423,0.0
2025-07-08,499,74.20022511932198,0.5913839188725152,33.80132739951372,0.0
2025-07-09,499,75.26548254278526,0.5822216468838785,31.19254683782294,0.0
2025-07-10,499,62.234703849301795,0.4390741795983985,30.121011020328844,0.0
2025-07-11,499,63.205645960331346,0.6422293773933626,30.854489127329867,0.0
2025-07-12,499,75.20553467974446,0.5112795204944107,28.671240097929726,0.0
2025-07-13,499,67.75559662842726,0.35307460180592143,29.62051665319728,0.0
2025-07-14,499,69.47512077796245,0.6176038738132668,28.260371858033306,0.0
2025-07-15,499,72.03698714867807,0.4505873136127012,30.975179097204695,0.0
2025-07-16,499,66.1130121423353,0.37077297755048133,31.878648858696355,0.0
2025-07-17,499,73.58452355132452,0.5144651301330126,29.128441814848294,0.0
2025-07-18,499,73.91255010450013,0.2771443184904482,35.94035279831071,0.0
2025-07-19,499,65.90004541503868,0.6040298196901662,28.282961926716848,0.0
2025-07-20,499,70.0132995096348,0.6094801560948085,30.96826346422185,0.0
2025-07-21,499,73.66926478243448,0.5112039171298782,32.42640976845453,0.0
2025-07-22,499,64.82370766277062,0.6111394355267021,30.65781603571729,0.0
2025-07-23,499,67.09638167551806,0.38733766535967146,32.39015096518861,0.0
2025-07-24,499,74.14564365877494,0.3179107287193996,30.63697895415827,0.0
2025-07-25,499,67.00650306308361,0.5422701444258405,25.99614581520853,0.0
2025-07-26,499,70.671956832021,0.5966336250070847,39.36338512316735,0.0
2025-07-27,499,64.67486685270703,0.4688894848232586,28.753064547890567,0.0
2025-07-28,499,61.066588891028175,0.5452773510568112,31.66797826587045,0.0
2025-07-29,499,60.36014564009239,0.5324734315873231,30.669464928227978,0.0
2025-07-30,499,63.45902922479038,0.5938980482973731,31.7059932975748,0.0
2025-07-31,499,68.34758873049837,0.4393542268968534,34.059165062543244,0.0
2025-08-01,499,65.0748462068505,0.5594941113019726,32.06900288221877,0.0
2025-08-02,499,64.53720179759374,0.6428878798385913,31.98583710934026,0.0
2025-08-03,499,65.56790613356472,0.7107821600165591,32.51832205050744,0.0
2025-08-04,499,68.7547956022495,0.4274146002283098,31.3066771947356,0.0
2025-08-05,499,70.67623565075316,0.44678673958592596,26.202639270290295,0.0
2025-08-06,499,65.85346335239049,0.5272188044773393,28.539719930191758,0.0
2025-08-07,499,69.25525663655165,0.582226606310589,29.64869225161599,0.0
2025-08-08,499,75.5702265764751,0.44388218849862665,30.85994620098593,0.0
2025-08-09,499,70.910912213383,0.45452467113547856,33.85656908764059,0.0
2025-08-10,499,73.76437439277099,0.5594065948897528,34.45897807784492,0.0
2025-08-11,499,67.15300038888455,0.6678871359181775,28.774068524765806,0.0
2025-08-12,499,72.12262333976305,0.3575584153001279,29.76064737470979,0.0
2025-08-13,499,75.01412495460646,0.4374683429358257,29.974093970745564,0.0
2025-08-14,499,66.10573959888282,0.6845706340371097,26.47489983640527,0.0
2025-08-15,499,70.30112702528075,0.538995438001843,27.02208458957375,0.0
2025-08-16,499,67.68000570518157,0.6148490390599332,31.329765180547046,0.0
2025-08-17,499,77.81501648761986,0.5161032279453366,29.797366335962828,0.0
2025-08-18,499,70.30377720600498,0.529094448599675,32.754857133149144,0.0
2025-08-19,499,65.18539717531206,0.48593812519404445,29.053366198035178,0.0
2025-08-20,499,62.258159994837854,0.5604614724719296,33.946056302413325,0.0
2025-08-21,499,71.26428651150944,0.4457553907772855,28.00935140157925,0.0
2025-08-22,499,65.15277985269051,0.45848193047946445,26.567063927937415,0.0
2025-08-23,499,70.60597110607117,0.4399481598259809,33.80280709640574,0.0
2025-08-24,499,70.88929377849084,0.31989059110964113,32.517231842079184,0.0
2025-08-25,499,73.83424300423738,0.5493923565781488,33.53466614228352,0.0
2025-08-26,499,71.04569822871031,0.44221397372251725,31.70949089985855,0.0
2025-08-27,499,71.26593669517143,0.42070027476104976,31.561003152991777,0.0
2025-08-28,499,55.86849221461426,0.3887291719843212,32.10103192039513,0.0
2025-08-29,499,64.58239702149191,0.5080045600246877,31.40107878839367,0.0
2025-08-30,499,68.47955400175981,0.566199751230685,27.268752401341253,0.0
2025-08-31,499,74.56070909418538,0.4665746231820073,33.8749461147108,0.0
2025-09-01,499,67.78503452092755,0.52829933103334,26.903508232796543,0.0
2025-09-02,499,64.73337575448106,0.4472731346232043,30.716171992389803,0.0
2025-09-03,499,71.98002160116646,0.5838262840445123,31.17617334274542,0.0
2025-09-04,499,60.830933493929905,0.42174057526651076,34.45920924578522,0.0
2025-09-05,499,69.99722190625259,0.4971966814240002,29.737553906927833,0.0
2025-09-06,499,71.39848963647484,0.6155992636418651,26.949080065114476,0.0
2025-09-07,499,74.54354659397012,0.5615804412088078,30.793379785804543,0.0
2025-09-08,499,72.20853650647669,0.6029955956842633,31.66882982162153,0.0
2025-09-09,499,78.31016335698732,0.6332319406089109,31.789882844253793,0.0
2025-09-10,499,71.69486585057122,0.6935891293852046,33.201317828171156,0.0
2025-09-11,499,70.94412999101169,0.6844338183283668,29.31309256891293,0.0
2025-09-12,499,70.88473709807492,0.47862373879551773,35.72294594609299,0.0
2025-09-13,499,67.7076773223656,0.46009553253182245,27.21773353929468,0.0
2025-09-14,499,68.3745177430904,0.422392605557009,35.03910834436058,0.0
2025-09-15,499,80.47051033232239,0.6244633364923746,22.53717936151068,0.0
2025-09-16,499,69.7204982453211,0.4413753883881152,30.05811677057544,0.0
2025-09-17,499,64.4717261661333,0.5633004125440504,27.773937710603235,0.0
2025-09-18,499,63.576146320378925,0.6196538834350638,26.936166465996877,0.0
2025-09-19,499,71.19015281829697,0.4356944883760757,30.538761538069092,0.0
2025-09-20,499,68.61233543358014,0.482477118280116,30.512314627771108,0.0
2025-09-21,499,67.49244061612998,0.46507542144995667,32.35612841080068,0.0
2025-09-22,499,61.25106815907934,0.3882347555593778,30.407321911361024,0.0
2025-09-23,499,72.27606922536593,0.5112667503485291,31.26997571150781,0.0
2025-09-24,499,76.01970082088458,0.5275109885823112,31.302348941508292,0.0
2025-09-25,499,67.06465891350292,0.631548997770208,31.079147157509674,0.0
2025-09-26,499,69.32958453351615,0.5760987542226126,27.539565141934432,0.0
2025-09-27,499,70.18142765659613,0.3991824774010535,28.348051918758383,0.0
2025-09-28,499,74.2681106013319,0.4675759278990269,24.89251766746851,0.0
2025-09-29,499,69.99915439388329,0.497964476453379,23.327209334333443,0.0
2025-09-30,499,60.82712453902448,0.39671493061878527,30.63813426542322,0.0
2025-10-01,499,69.52962874055287,0.3459768298519805,26.99085787436408,0.0
2025-10-02,499,73.09215456691868,0.5422520065667525,34.71629036986057,0.0
2025-10-03,499,77.2168844572008,0.5588194314778333,30.001395359731692,0.0
2025-10-04,499,63.11870030625765,0.41516323340556066,34.64316228559298,0.0
2025-10-05,499,68.083106476831,0.482756717027678,30.468752827539113,0.0
2025-10-06,499,63.6275225904228,0.44282252087917795,31.417715407220122,0.0
2025-10-07,499,67.17933082324126,0.4825283426824055,27.492385307764415,0.0
2025-10-08,499,68.27464457146128,0.5040748905727879,31.243712472198045,0.0
2025-10-09,499,69.1332678130869,0.5190011972370077,29.106875633060305,0.0
2025-10-10,499,70.48843013000872,0.41339236381277156,34.429275863656564,0.0
2025-10-11,499,73.02093324915113,0.44277188444542803,33.01710444624809,0.0
2025-10-12,499,73.1255477001098,0.5339916656553554,28.221912869144376,0.0
2025-10-13,499,62.37667894441916,0.6765022638641796,27.129179292714724,0.0
2025-10-14,499,64.87785255313578,0.5085012509575695,30.157522243280532,0.0
2025-10-15,499,68.4594606174298,0.4102245918395829,29.286472016670793,0.0
2025-10-16,499,71.57267594269364,0.48095786096007653,31.121089257643114,0.0
2025-10-17,499,66.83244138312,0.6866392286375389,29.024308802045443,0.0
2025-10-18,499,57.545269872963786,0.5654603066323923,35.14979025702728,0.0
2025-10-19,499,69.56283287471491,0.3693957993058886,23.552832145302624,0.0
2025-10-20,499,67.53022774650626,0.4443906094121769,27.319067609984167,0.0
2025-10-21,499,64.53855350775211,0.5406208252441256,23.142712370619414,0.0
2025-10-22,499,62.86470368190303,0.47380834138847905,31.162348863914396,0.0
2025-10-23,499,64.17822618616323,0.4010370324670875,31.497701819513075,0.0
2025-10-24,499,71.14006695747942,0.6103916873069472,30.316546232267626,0.0
2025-10-25,499,66.70732617213895,0.6146485434146826,29.67134068328233,0.0
2025-10-26,499,69.93440005753565,0.6929728378904395,26.644311200967174,0.0
2025-10-27,499,68.46678279952165,0.6933661094758965,33.45099754407819,0.0
2025-10-28,499,72.52116554846279,0.5376170375538728,31.112407812339598,0.0
2025-10-29,499,71.33863762919407,0.4125266680156035,29.84087702614273,0.0
2025-10-30,499,66.08192568371209,0.42497579801839974,27.459251790839467,0.0
2025-10-31,499,74.49590591520565,0.4601942656863606,33.413786236661856,0.0
2025-11-01,499,59.75653962257953,0.49419864453316226,31.808708922483625,0.0
2025-11-02,499,59.539689654465256,0.42921406719929706,31.874235374722943,0.0
2025-11-03,499,76.19019262800282,0.40220666745364125,24.715750270276494,0.0
2025-11-04,499,68.18843580763131,0.4768144387030701,26.584266856811205,0.0
2025-11-05,499,68.60280851969044,0.3513447173844787,26.986047101693227,0.0
2025-11-06,499,77.32142287153059,0.6164612059608615,29.830358687022844,0.0
2025-11-07,499,77.3151577686568,0.43817388600255014,26.767621654666936,0.0
2025-11-08,499,72.99460282765882,0.5127074254113616,32.26766057350244,0.0
2025-11-09,499,71.44927354361506,0.5446691946302853,29.708086237293628,0.0
2025-11-10,499,64.52593993578014,0.3639540747362072,25.094524051236753,0.0
2025-11-11,499,74.01863876110068,0.547499056841174,31.234614207962505,0.0
2025-11-12,499,60.686977966811305,0.500625896190461,30.66194278388575,0.0
2025-11-13,499,66.92820337683008,0.6144276116935858,31.97037448954223,0.0
2025-11-14,499,61.87732978270086,0.60473275517346,27.19811879374557,0.0
2025-11-15,499,75.8675684878068,0.4965781194526214,32.346122883701376,0.0
2025-11-16,499,66.9920609023123,0.5460896121649857,25.411778313472993,0.0
2025-11-17,499,64.43696443159507,0.5015980644867313,18.722775742616896,0.0
2025-11-18,499,77.05785586317016,0.4724838515955064,33.03668009246595,0.0
2025-11-19,499,68.53799882137307,0.5992186279852456,32.18819139522937,0.0
2025-11-20,499,74.54278120111566,0.4142473959875499,34.96073983271784,0.0
2025-11-21,499,59.82794709178091,0.46785578584640564,30.224446181286854,0.0
2025-11-22,499,71.340952165453,0.4178534045444142,27.808606360080493,0.0
2025-11-23,499,68.8549836777625,0.6164527344156913,26.85628471087993,0.0
2025-11-24,499,73.02100337217078,0.598119663617447,25.650755097224625,0.0
2025-11-25,499,68.45366767270406,0.4803863644631762,31.45991900972736,0.0
2025-11-26,499,73.79562999659817,0.6530952169605457,34.58503053046709,0.0
2025-11-27,499,70.12839397138694,0.39638345455091273,35.82126379234738,0.0
2025-11-28,499,60.089761140838036,0.48656654990057047,28.163911576035808,0.0
2025-11-29,499,75.22782983586121,0.48380133765187233,31.91050981724039,0.0
2025-11-30,499,71.54919798247519,0.541652639757542,35.24989923005223,0.0
2025-12-01,499,72.81475409816302,0.5256420824491429,28.970386864339055,0.0
2025-12-02,499,72.18532017906466,0.5859911470118238,28.039840404499493,0.0
2025-12-03,499,69.4756051730639,0.5258648477247433,28.435634986270806,0.0
2025-12-04,499,70.51844479781697,0.46640594665727086,30.857523438000733,0.0
2025-12-05,499,70.39765862790314,0.5112867865499692,27.5721415901901,0.0
2025-12-06,499,69.72127495980128,0.4855910605100682,27.67388898637656,0.0
2025-12-07,499,69.5714660103074,0.649694469284594,35.16129428746755,0.0
2025-12-08,499,65.56167302678134,0.3615280754147069,29.841591130635504,0.0
2025-12-09,499,65.67460115085208,0.3077977576485451,29.618967781287598,0.0
2025-12-10,499,81.95743517957756,0.6298863880022186,30.88464943474777,0.0
2025-12-11,499,70.66900269080628,0.5034421377968352,27.882820966209167,0.0
2025-12-12,499,72.94321546008196,0.5300018589089907,29.07113652544241,0.0
2025-12-13,499,70.51002177758369,0.39044980897604176,31.002483196825626,0.0
2025-12-14,499,68.69115839266648,0.5579505760358289,32.762848159159944,0.0
2025-12-15,499,67.68937647347609,0.409033314828147,29.863076529708884,0.0
2025-12-16,499,74.55668552670905,0.3370447679502945,26.49846109890639,0.0
2025-12-17,499,63.74811623510726,0.2774914213952263,30.18550805679845,0.0
2025-12-18,499,69.01055513916528,0.39216593181821857,31.557281475400597,0.0
2025-12-19,499,64.00643180120508,0.644283514815738,31.279630766302045,0.0
2025-12-20,499,77.25808567551744,0.39994273694403715,27.59354266860598,0.0
2025-12-21,499,68.77539445291852,0.39700587077687577,28.29292083274793,0.0
2025-12-22,499,72.05002083843229,0.546645778327296,22.500376187295622,0.0
2025-12-23,499,60.01273446869994,0.4811950371442415,30.48479516244423,0.0
2025-12-24,499,70.7115020107053,0.45215557354299446,33.321959542543944,0.0
2025-12-25,499,77.73711986599203,0.595683754638886,29.87248437381112,0.0
2025-12-26,499,70.3549401616582,0.2855066158033124,27.287292784835586,0.0
2025-12-27,499,69.98986553392643,0.4870562840833994,34.64528352357853,0.0
2025-12-28,499,75.47063917173593,0.6368804996021401,32.729141048468534,0.0
2025-12-29,499,66.89467166637111,0.40686880060690345,31.558739036420175,0.0
2025-12-30,499,69.5697668199929,0.5717499580380571,31.178133163093698,0.0
2025-12-31,499,69.44599765749183,0.6180121576679886,25.447530465978552,0.0
2026-01-01,499,68.99422872622571,0.7028215273719941,31.909035174012896,0.0
2026-01-02,499,67.28448427618048,0.3980227226739193,29.453554908827883,0.0
2026-01-03,499,71.10538340868683,0.49340546855286377,31.942926317340454,0.0
2026-01-04,499,72.29410020701725,0.4430959228385342,30.196728348778418,0.0
2026-01-05,499,70.45519759493484,0.3217332524141796,30.6078286406373,0.0
2026-01-06,499,71.91998318605272,0.4714506214728565,30.64901547155811,0.0
2026-01-07,499,70.37914916182976,0.38494618516524015,30.28407592537581,0.0
2026-01-08,499,73.26328542623241,0.540080572967238,28.845773904649555,0.0
2026-01-09,499,66.34844715833678,0.6162246499683155,31.931013050850222,0.0
2026-01-10,499,65.42245049554008,0.5204633325800133,34.094617304799414,0.0
2026-01-11,499,60.435868617232316,0.4143702366842943,29.983035985687383,0.0
2026-01-12,499,74.28611070286345,0.5882015478624065,31.393314039171894,0.0
2026-01-13,499,59.97541256639952,0.4747722374008013,32.08574359104141,0.0
2026-01-14,499,69.87578397693287,0.5479225718280434,29.28532210929638,0.0
2026-01-15,499,77.38489996474554,0.32055831581962646,29.83956593294884,0.0
2026-01-16,499,77.26426879629435,0.4950119805615534,31.582929937195722,0.0
2026-01-17,499,71.79657106659786,0.5037822701711898,30.28577855642064,0.0
2026-01-18,499,76.82673435759524,0.321036975399768,26.584440975683886,0.0
2026-01-19,499,82.00301304094029,0.6325917207017786,33.65290461552816,0.0
2026-01-20,499,64.86376385609894,0.39648955770885635,25.98968917736368,0.0
2026-01-21,499,73.60797332519643,0.43929332040613167,30.27438022541581,0.0
2026-01-22,499,63.28874488956287,0.38072805948893335,27.681683524746063,0.0
2026-01-23,499,64.69050405029736,0.37898673878944367,25.560186962825664,0.0
2026-01-24,499,70.2064291273316,0.5795135873716781,26.892099946036645,0.0
2026-01-25,499,70.92770958697429,0.5927400291865087,27.501416269087947,0.0
2026-01-26,499,69.18944476037997,0.36864400043661316,33.76294515969909,0.0
2026-01-27,499,66.41582020343007,0.5969156924427513,30.95185104464102,0.0
2026-01-28,499,73.83701767976055,0.39304668338082976,26.965098517543023,0.0
2026-01-29,499,76.12149688703497,0.5587609996299971,28.155820694793142,0.0
2026-01-30,499,74.54321189384548,0.4952947388881886,25.941105234739496,0.0
2026-01-31,499,66.95867237873804,0.4332565329533681,25.346052492415186,0.0
2026-02-01,499,74.0874584134997,0.46468171801500774,27.928905839529794,0.0
2026-02-02,499,69.71564957988748,0.3610367349455311,31.443216953427136,0.0
2026-02-03,499,77.65007277319087,0.46180751568068346,27.122857060548462,0.0
2026-02-04,499,63.369143464648225,0.3894311581351003,31.498436702233175,0.0
2026-02-05,499,77.69296145809884,0.3003848497425405,27.452132755023495,0.0
2026-02-06,499,67.19880758030645,0.5668746334893425,31.137212470202165,0.0
2026-02-07,499,69.13711956794297,0.5354932135100685,27.28848630425867,0.0
2026-02-08,499,67.54534504089175,0.4159487641237358,31.803625212849308,0.0
2026-02-09,499,73.48311036548364,0.3435541156801354,26.543914060795263,0.0
2026-02-10,499,70.23801706079794,0.43901491960804157,26.179033051404364,0.0
2026-02-11,499,65.33836141751068,0.25428429889944404,30.280164323613082,0.0
2026-02-12,499,69.06090019525786,0.5536046593002382,34.282640365598944,0.0
2026-02-13,499,73.05400969452785,0.37682470231643983,28.55731279400917,0.0
2026-02-14,499,70.87245768572181,0.6054820149204699,26.628763102656222,0.0
2026-02-15,499,69.35056658359805,0.637533788862799,25.30929789958117,0.0
2026-02-16,499,66.98015833849935,0.37812843497002746,24.32732079232839,0.0
2026-02-17,499,69.04908730361811,0.42941018602663705,34.64645151231867,0.0
2026-02-18,499,74.37079352800201,0.47393152687386925,26.118759790840386,0.0
2026-02-19,499,69.99901494064827,0.6005064006020728,29.8657161488587,0.0
2026-02-20,499,73.9116352916551,0.5923307442187377,31.162654511356507,0.0
2026-02-21,499,77.9087266570265,0.45868068989693667,22.14837644668018,0.0
2026-02-22,499,76.25431762071864,0.4612422877962016,30.12915304116973,0.0
2026-02-23,499,74.24029916335998,0.40515564014161254,35.44311826735643,0.0
2026-02-24,499,63.5234402986261,0.5489298293712089,28.442037947368746,0.0
2026-02-25,499,73.64365537337466,0.49872814377088437,30.794347539779793,0.0
2026-02-26,499,68.54257331188177,0.5336024599201231,26.940649563771093,0.0
2026-02-27,499,64.85095538558704,0.4473850875174317,33.299515793909805,0.0
2026-02-28,499,67.91950105654831,0.6377459131529799,33.55271081447257,0.0
2026-03-01,499,72.51540225967047,0.3619966295218613,27.023923677800965,0.0
2026-03-02,499,73.12805244369669,0.39349575056109565,30.607114444820294,0.0
2026-03-03,499,72.53325800137178,0.4688971221095372,21.34633370570969,0.0
2026-03-04,499,70.79480731528965,0.4833331679462103,32.1238480020107,0.0
2026-03-05,499,78.396268066213,0.5043987256141395,29.982297245653104,0.0
2026-03-06,499,75.69200406463298,0.42309636802853823,24.80144981286076,0.0
2026-03-07,499,71.0432784622311,0.5556900517887379,31.445514279702746,0.0
2026-03-08,499,73.92959116635153,0.5946407933949224,36.27409516838651,0.0
2026-03-09,499,76.7654982565645,0.6992752038483755,31.306489680593426,0.0
2026-03-10,499,80.99571576152037,0.7542530459781751,29.973610382121986,0.0
2026-03-11,499,83.98898269418805,0.6906480192844786,32.99556892988847,0.0
2026-03-12,499,70.58950764417142,0.541561481179912,24.41155550051621,0.0
2026-03-13,499,72.36774119399266,0.4376303456047808,33.99699890591925,0.0
2026-03-14,499,83.46195411947437,0.4936944381634578,32.34337117316231,0.0
2026-03-15,499,77.81162207835321,0.6794571408441228,33.611915422285946,0.0
2026-03-16,499,80.42362374167166,0.6110485806641628,33.98333375790683,0.0
2026-03-17,499,73.38456509979147,0.5298071610945527,37.4184279155115,0.0
2026-03-18,499,73.14952511452805,0.6308817192361307,29.409859404930867,0.0
2026-03-19,499,69.85212080331425,0.7547155789586744,31.162936408965006,0.0
2026-03-20,499,88.66148460096322,0.7709480997989182,32.95378133108727,0.0
2026-03-21,499,83.20721336177172,0.6154492446188337,28.85950232743396,0.0
2026-03-22,499,84.44993838922048,0.6851097618496977,32.39687399362117,0.0
2026-03-23,499,75.49189174031234,0.6566034510880989,32.654141258524675,0.0
2026-03-24,499,73.36118901859406,0.8031666945665967,39.276789241473004,0.0
2026-03-25,499,66.9279578172264,0.779333140011828,32.422098841741885,0.0
2026-03-26,499,77.61572365765181,0.7985884481134979,32.45723262426643,0.0
2026-03-27,499,85.10007208286711,0.742387039133533,32.227623462253376,0.0
2026-03-28,499,74.8648143190694,0.8662608345576412,33.27299285571745,0.0
2026-03-29,499,84.12140058178765,0.6786473618832405,33.95183062543669,0.0
2026-03-30,499,83.73092549524696,0.6164048962657421,32.08204897112573,0.0
2026-03-31,499,82.32224381628134,0.956035773045667,33.24005740005874,0.0
2026-04-01,499,68.35307046950057,0.3959076490132061,30.390573361277962,1.0
2026-04-02,499,71.44531265540233,0.43009299697229403,32.826948791269714,0.0
2026-04-03,499,59.363797618694846,0.5200555397733944,29.80176227769167,0.0
2026-04-04,499,73.39352942628747,0.538772807223554,30.992959476985106,0.0
2026-04-05,499,60.632069234052025,0.5151061777986274,33.14837480787614,0.0
2026-04-06,499,69.025428870244,0.5025752427772827,25.891633945174927,0.0
2026-04-07,499,78.17609985601307,0.6727860635154165,30.865434245525414,0.0
2026-04-08,499,69.53790126550523,0.5239592214895878,33.51322319373727,0.0
2026-04-09,499,70.66471574932531,0.550090881556302,29.33550803898444,0.0
2026-04-10,499,73.58179370082227,0.6400763546212265,30.08133825520568,0.0
2026-04-11,499,70.04561978135747,0.5915730461656223,30.512754533242415,0.0
2026-04-12,499,68.9267175390942,0.3709305599418213,27.769271346817398,0.0
2026-04-13,499,74.07465086632129,0.46500339022121245,27.640785130936106,0.0
2026-04-14,499,72.80091317401002,0.5120821329089318,31.515384376791168,0.0
2026-04-15,499,68.87724774321197,0.5595958927767569,31.30013029401444,0.0
2026-04-16,499,69.85982622410455,0.3322471432569192,31.1251039246298,0.0
2026-04-17,499,75.80674076330124,0.42267254892491735,29.757737275276376,0.0
2026-04-18,499,75.59688258491374,0.4733849417952207,30.5703574450862,0.0
2026-04-19,499,72.06734678473909,0.5917185075086606,25.747821587973657,0.0
2026-04-20,499,62.29080933599162,0.614199053871575,31.809607358513198,0.0
2026-04-21,499,67.74852992151126,0.597329131413045,31.244633085524292,0.0
2026-04-22,499,69.30897258846983,0.6909421096270314,32.9804065802047,0.0
2026-04-23,499,60.198245197012994,0.6053439091099344,28.74931449858333,0.0
2026-04-24,499,70.1240854640554,0.5965490339276553,28.022326367452525,0.0
2026-04-25,499,69.54487436402242,0.45944649070013305,28.91410981490136,0.0
2026-04-26,499,66.57981754187952,0.4113301209653125,31.583760120196455,0.0
2026-04-27,499,69.56089926997757,0.45919890272207786,32.06788384144074,0.0
2026-04-28,499,71.87030591968451,0.5617963772938954,21.1690824379286,1.0
2026-04-29,499,74.04873882787399,0.5578904221543503,33.39484954430576,0.0
2026-04-30,499,68.75509329145957,0.5677654625188984,30.74273933601262,0.0
2026-05-01,499,81.08435218429167,0.44504028833371795,32.844117251492634,0.0
2026-05-02,499,71.63622000154072,0.4325697962986966,25.751249077979118,0.0
2026-05-03,499,74.5156663010494,0.6074144939891227,34.40535419431065,0.0
2026-05-04,499,69.02136583885289,0.45117458407651745,32.56522992719162,0.0
2026-05-05,499,69.72550419401303,0.5442638179066112,22.228731820578737,0.0
2026-05-06,499,72.20399262196908,0.4652579129723027,36.701534649486284,0.0
2026-05-07,499,73.4026232715032,0.45177034777275094,38.605046453091234,0.0
2026-05-08,499,67.09285625968063,0.5477302734807582,27.44053966557141,0.0
2026-05-09,499,70.42098279801354,0.4627967148478569,27.743609118051033,0.0
2026-05-10,499,64.08096692501853,0.4956710875326365,22.557829624152603,0.0
2026-05-11,499,62.83961487041063,0.48143013937864126,30.816354922003686,0.0
2026-05-12,499,79.15724808424119,0.4378715460445266,30.043620842747877,0.0
2026-05-13,499,76.306407214778,0.4951223952974171,33.58683515041343,0.0
2026-05-14,499,63.310077350131344,0.6431242092062077,32.65193924813078,0.0
2026-05-15,499,69.97365243820666,0.5908490649914964,29.08785093223795,0.0
2026-05-16,499,64.22992468059624,0.3731521142376656,30.953315679748133,0.0
2026-05-17,499,71.47842955410005,0.480574533048034,29.595586817756068,0.0
2026-05-18,499,61.701550670886455,0.5277386458759957,32.22082577604763,0.0
2026-05-19,499,75.75439655185211,0.5654491577304834,29.778096721257405,0.0
2026-05-20,499,82.47247822237337,0.6293474909414322,34.35147373642962,0.0
2026-05-21,499,61.29152536320082,0.5277084244086536,30.375317144872017,0.0
2026-05-22,499,60.8261305967262,0.6740104135776185,26.051990224380123,0.0
2026-05-23,499,72.419393079843,0.43358663344416887,30.75630775037719,0.0
2026-05-24,499,70.88389857252143,0.35180911100209555,28.84288319427054,0.0
2026-05-25,499,74.27218165594562,0.3722455553009387,35.29362778712132,0.0
2026-05-26,499,70.89458395289486,0.3925863971585664,30.419984345703266,0.0
2026-05-27,499,57.98328844099557,0.5317263230603483,34.015165537083064,0.0
2026-05-28,499,72.55090135540765,0.5873937186043683,36.92767818454263,0.0
2026-05-29,499,71.03747683338449,0.5294209767973084,31.437898576168877,0.0
2026-05-30,499,79.14427251782546,0.5507556830264377,34.406152249232505,0.0
2026-05-31,499,68.51479436715549,0.5437965963561029,30.292307930598,0.0
2026-06-01,499,66.5311165781179,0.3694356320884543,30.23168574112687,0.0
2026-06-02,499,72.3805020477464,0.5900250219834772,23.445509204305086,0.0
2026-06-03,499,72.29215037860645,0.4483413941434715,28.583702096610967,0.0
2026-06-04,499,68.91181763350896,0.4470149844623309,34.29424556675824,0.0
2026-06-05,499,73.28856604603841,0.5191138621190627,30.90129258265118,0.0
2026-06-06,499,67.5292438056715,0.39314524952206376,29.34375217050306,0.0
2026-06-07,499,66.37717488507546,0.4668500312864827,31.8695538518634,0.0
2026-06-08,499,66.86106583991835,0.49162129476094163,27.2437914633657,0.0
2026-06-09,499,80.5318875527641,0.5092558059243488,28.70687390877272,0.0
2026-06-10,499,71.85292354147298,0.5189509360671681,31.591822840087953,0.0
2026-06-11,499,71.78902339992257,0.35074951204231775,30.802506035752227,0.0
2026-06-12,499,76.35569857259613,0.5312497422895321,26.21488622608585,0.0
2026-06-13,499,68.96424999175635,0.6120027617748173,32.90088072067488,0.0
2026-06-14,499,65.82948443470258,0.522865801352938,28.761406502568207,0.0
2026-06-15,499,69.74947748116732,0.636692106976717,33.79381427617909,0.0
2026-06-16,499,71.25496679368051,0.4762806747011449,30.819462661625803,0.0
2026-06-17,499,70.60593470736536,0.5673550344465847,29.286337683251737,0.0
2026-06-18,499,72.92401688030539,0.4803345922771331,29.142998874643734,0.0
2026-06-19,499,72.5569761707405,0.3215150058040814,24.665426639656776,0.0
2026-06-20,499,71.56523629409241,0.367850851173933,27.760406184635745,0.0
2026-06-21,499,76.1585715057306,0.43915330856674567,28.821376959366443,0.0
2026-06-22,499,74.58021780720667,0.43718323735364184,33.10892162280126,0.0
2026-06-23,499,69.08357669999862,0.498977269449116,28.594419104870894,0.0
2026-06-24,499,73.0843268114869,0.4093997321432648,31.223891925134293,0.0
2026-06-25,499,74.45848496410898,0.6280818338838551,30.648370765012363,0.0
2026-06-26,499,68.74784274740779,0.40862493440268133,30.24165430960942,0.0
2026-06-27,499,74.57503712371495,0.4323793270588556,26.600877958135744,0.0
2026-06-28,499,67.03037593102651,0.5233761025912276,34.14076230841657,0.0
2026-06-29,499,66.75698028917941,0.4204231545322871,32.66141266474622,0.0
2026-06-30,499,68.75688910734466,0.45990074745546144,33.54182462302117,0.0
2026-07-01,499,67.81119129696914,0.5504571950422334,29.73563386745005,0.0
2026-07-02,499,59.80987697525993,0.6019210100816863,28.21769263193793,0.0
2026-07-03,499,64.22782499106344,0.5134961382157058,31.238956888091277,0.0
2026-07-04,499,75.19871189108099,0.4697201788439996,32.22420599846367,0.0
2026-07-05,499,75.56758264058236,0.5225210664871416,34.15316692204913,0.0
2026-07-06,499,62.408056056807226,0.5083529828824762,36.4972272473014,0.0
2026-07-07,499,70.86678516891317,0.4297767684254515,28.817705099875656,0.0
2026-07-08,499,66.00143457626555,0.4532721843718434,30.886460230285966,0.0
2026-07-09,499,65.80331208796588,0.5724236015058745,29.658696906564913,0.0
2026-07-10,499,68.93363170478735,0.3633221392675222,34.04227953345362,0.0
2026-07-11,499,60.621690742794534,0.28479430263216066,33.38994133972133,0.0
2026-07-12,499,71.50456074851708,0.41386997756074617,34.91887549251871,0.0
2026-07-13,499,71.60045856149613,0.38921269399823333,29.25832639541934,0.0
2026-07-14,499,74.30744826054809,0.35134235125880137,30.715137464791823,0.0
2026-07-15,499,63.465562211604,0.47620628948961063,28.975281021257192,0.0
2026-07-16,499,71.44008807387299,0.5618320058091137,29.47296642012395,0.0
2026-07-17,499,63.82925086520897,0.3661531473214511,35.2956651152144,0.0
2026-07-18,499,59.179172349624466,0.48083854548233723,28.88843263588442,0.0
2026-07-19,499,73.97521185752065,0.3409689140527974,28.544986865526766,0.0
2026-07-20,499,68.9559323057481,0.5092545649216484,28.098730426374026,0.0
2026-07-21,499,64.44148391735224,0.4907949681763898,30.366670725973517,0.0
2026-07-22,499,66.22303474109147,0.5731149668121993,29.87554966313499,0.0
2026-07-23,499,68.31813344281474,0.454959439494054,31.13183994830264,0.0
2026-07-24,499,76.41844644866022,0.5990704165940895,28.52973463176688,0.0
2026-07-25,499,68.77577934531647,0.37456239263550584,29.343982526002552,0.0
2026-07-26,499,59.31133055367518,0.7145656707756408,26.266095274212496,0.0
2026-07-27,499,73.25022453955388,0.5375149576733724,27.920337624310694,0.0
2026-07-28,499,78.08569547814054,0.5339744397270574,35.33010658420072,0.0
2026-07-29,499,76.07241329234331,0.5416868493097936,26.56001495613852,0.0
2026-07-30,499,68.51109579655575,0.710670746636157,26.34535181570785,0.0
2026-07-31,499,69.1211535993916,0.5593295500201707,34.94141801271557,0.0
2026-08-01,499,71.07431088120079,0.1835643683667325,27.650256639706573,0.0
2026-08-02,499,70.99263569930176,0.41848752177910475,24.58186404048086,0.0
2026-08-03,499,72.14260110984407,0.32729741703209625,24.64485270129895,0.0
2026-08-04,499,71.20668391328797,0.5107515361417924,27.82177459940951,0.0
2026-08-05,499,65.84351296330453,0.5507723318143428,28.60039372967107,0.0
2026-08-06,499,74.1784796727944,0.20994381144495539,31.4598785528504,0.0
2026-08-07,499,72.5289148441422,0.3496192934808027,27.977259636156436,0.0
2026-08-08,499,62.86098918982174,0.4823362160378544,30.851869733628824,0.0
2026-08-09,499,74.40618277201176,0.4686991190325348,32.54467134980449,0.0
2026-08-10,499,71.47347599112553,0.5383191187774454,26.140710628298862,0.0
2026-08-11,499,74.3185560595431,0.43872243502892194,23.137905104937673,0.0
2026-08-12,499,59.719737394342516,0.39481812456576043,27.795405997745576,0.0
2026-08-13,499,67.61077805346461,0.6185802828876151,30.491946624163628,0.0
2026-08-14,499,74.12444949715602,0.4119403669380978,26.06784817105914,0.0
2026-08-15,499,74.36460311931445,0.3943530998525831,30.20415755516217,0.0
2026-08-16,499,65.76868300666285,0.2679874067550645,28.27981480960611,0.0
2026-08-17,499,68.46371308521982,0.5322922570348044,30.3653777190385,0.0
2026-08-18,499,65.74641542528029,0.47109103305607447,35.79166954193871,0.0
2026-08-19,499,66.31976847506526,0.5283180080624083,29.991422202887797,0.0
2026-08-20,499,65.87844493295535,0.6509906882052777,29.175322707415795,0.0
2026-08-21,499,69.58353067761949,0.5644665124555096,30.595203846211565,0.0
2026-08-22,499,72.32343577870226,0.39261810748998954,30.647623237849874,0.0
2026-08-23,499,71.14662414761943,0.43208487764677,30.892849352958766,0.0
2026-08-24,499,78.15951939328764,0.488088478766992,30.344275067352605,0.0
2026-08-25,499,68.84577383923843,0.4712025321910272,30.680540601208932,0.0
2026-08-26,499,86.99473207111413,0.3110010635426401,29.631448800432818,0.0
2026-08-27,499,76.21927052421371,0.5805835774844206,27.837155507353472,0.0
2026-08-28,499,70.93164254680528,0.4200459214703641,30.516105053138826,0.0
2026-08-29,499,76.5356045025737,0.5895323905496395,25.859254604341583,0.0
2026-08-30,499,71.1006376115097,0.5251215912199318,33.108244418682595,0.0
2026-08-31,499,70.7801591206026,0.516892467097835,32.27110849525058,0.0
2026-09-01,499,66.32234757961027,0.5409919052161303,32.23147377084102,0.0
2026-09-02,499,73.23554430959479,0.46448492383729695,29.4862042439187,0.0
2026-09-03,499,73.16159914007493,0.35655378503864377,32.33385463358976,0.0
2026-09-04,499,68.41971202828393,0.5395211428892166,29.769323794828356,0.0
2026-09-05,499,69.47207609539478,0.3039252376217799,27.959517475854657,0.0
2026-09-06,499,66.98695423353266,0.37703978272474237,33.469829339834895,0.0
2026-09-07,499,67.4879278792367,0.568190345918738,31.739590249125023,0.0
2026-09-08,499,74.49677751560098,0.4545227243539339,32.405286061964176,0.0
2026-09-09,499,71.5540057673678,0.5442640269474049,33.02665201744045,0.0
2026-09-10,499,71.13761433578988,0.3185994776406748,28.568621900527173,0.0
2026-09-11,499,84.13921216651083,0.546079064088391,28.186185420778646,0.0
2026-09-12,499,74.48768643370381,0.5304665468308536,29.779490556826257,0.0
2026-09-13,499,68.06158183255606,0.7391134126409632,32.912018608389005,0.0
2026-09-14,499,74.33390257866995,0.5632561209485392,28.24856253432883,0.0
2026-09-15,499,73.18037622012535,0.627796552778625,33.96187481354375,0.0
2026-09-16,499,77.73341628040892,0.5447588842010456,38.2110540052393,0.0
2026-09-17,499,68.70356324961995,0.4236532443199589,26.533407850117303,0.0
2026-09-18,499,62.096622517373866,0.8777036541734486,31.398127524596887,0.0
2026-09-19,499,66.03832242427654,0.4789768695019405,31.083299906384145,0.0
2026-09-20,499,76.71523779188836,0.3658052506933428,29.47274462119469,0.0
2026-09-21,499,64.86055241299066,0.535385430294999,26.381578115799567,0.0
2026-09-22,499,63.32168450130129,0.4136424382508477,32.35605611784329,0.0
2026-09-23,499,72.09989928417511,0.44763870184711074,31.88290673127195,0.0
2026-09-24,499,75.27503362453311,0.5494296237561699,28.45980606161082,0.0
2026-09-25,499,66.8642464673201,0.6519852292572257,33.80909433547592,0.0
2026-09-26,499,70.74526409414801,0.4920378512108035,28.868633788505118,0.0
2026-09-27,499,69.54882812301578,0.393208408343797,28.394055237715122,0.0
2026-09-28,499,65.51306901536174,0.443890572830654,33.167931700598075,0.0
2026-09-29,499,53.63348427525344,0.7608292447188119,29.0874941023501,0.0
2026-09-30,499,73.65952791277292,0.6344537868118827,24.64747384664714,0.0
2026-10-01,499,70.15380243776575,0.43647848913280085,28.894307897818067,0.0
2026-10-02,499,60.879837558691555,0.5971737031314532,25.108474439805622,0.0
2026-10-03,499,65.98072645503291,0.38786699345236786,27.732885300432788,0.0
2026-10-04,499,67.57561708597314,0.417118420380537,30.992608445486777,1.0
2026-10-05,499,68.38418546466444,0.5178104857605575,31.43249776271495,0.0
2026-10-06,499,65.552844623825,0.4891198274972964,30.57281402997063,0.0
2026-10-07,499,75.39832970285715,0.35769884839881144,30.27783225716212,0.0
2026-10-08,499,68.4055068277268,0.5271233398956986,29.160750714607637,0.0
2026-10-09,499,66.39045517619539,0.4344426495618368,32.02850047156706,0.0
2026-10-10,499,68.23796526850255,0.48178932173485917,26.916241484989563,0.0
2026-10-11,499,70.09026390345406,0.3377099323201944,30.860086923875677,0.0
2026-10-12,499,63.59097937771532,0.5404261423909354,27.386329315638925,0.0
2026-10-13,499,72.14112035286446,0.5830826602608002,32.19150641274874,0.0
2026-10-14,499,72.21828309114764,0.4228035401383605,24.933860372734152,0.0
2026-10-15,499,71.27497056088593,0.4581548222396905,33.349874506626364,0.0
2026-10-16,499,80.76159639521875,0.6079092866395928,30.623958254416337,0.0
2026-10-17,499,79.06595262456925,0.586972208998859,28.989675417808165,0.0
2026-10-18,499,70.51477939414004,0.41127569844433864,34.95450060905226,0.0
2026-10-19,499,68.7258246305198,0.325606074794929,29.79797759254089,0.0
2026-10-20,499,66.48705272947879,0.42339367152214646,26.92898473695235,0.0
2026-10-21,499,72.97405487509627,0.48681712284187006,29.355577829545933,0.0
2026-10-22,499,71.63502918278762,0.6110898110322962,29.32844935315347,0.0
2026-10-23,499,69.85463848285578,0.41781048875821136,35.74470072220582,0.0
2026-10-24,499,72.3789316327782,0.5412955372501125,30.839121482405826,0.0
2026-10-25,499,67.43206692670992,0.4959485653709007,29.994881306879375,0.0
2026-10-26,499,68.26687940197196,0.3242206381957464,35.99741340712889,0.0
2026-10-27,499,65.11299855806882,0.4880357961691618,30.038402325029146,0.0
2026-10-28,499,72.76412393481863,0.3863837720650043,32.360067782364276,0.0
2026-10-29,499,66.20567008001262,0.5590604722871815,30.095807663036325,0.0
2026-10-30,499,68.8845775313013,0.3217791929136231,24.891582946217056,0.0
2026-10-31,499,74.4426551821466,0.33843143058867675,26.74097072587723,0.0
2026-11-01,499,68.77764910686955,0.5653800411448474,33.25777845631568,0.0
2026-11-02,499,64.78611049961758,0.47557158590055837,29.8250972198763,0.0
2026-11-03,499,67.8423012818322,0.4817863375349967,28.28304129775696,0.0
2026-11-04,499,78.7634071789042,0.525447241929964,29.221423282107708,0.0
2026-11-05,499,57.60424607090522,0.4322984575985058,31.343426262360463,0.0
2026-11-06,499,67.07048264117212,0.6081061492447182,25.396969302616952,0.0
2026-11-07,499,72.70523440800596,0.5796374594799639,28.76661300757852,0.0
2026-11-08,499,69.85699488549596,0.45235084613872384,35.44712624554362,0.0
2026-11-09,499,65.20617220861963,0.43864187245199426,28.563688084790453,0.0
2026-11-10,499,70.87404179372392,0.5515284190685172,27.937679053617476,0.0
2026-11-11,499,66.9195524377427,0.4648120630577208,23.843945350230477,0.0
2026-11-12,499,71.85550462733092,0.5456381435759371,32.15952159992237,0.0
2026-11-13,499,69.00697280354142,0.661025474696891,22.0024161761171,0.0
2026-11-14,499,68.70514828416644,0.410986812695128,32.920159159665,0.0
2026-11-15,499,59.80122756140716,0.5016326034957935,32.99748394385365,0.0
2026-11-16,499,83.22543238720291,0.4494695547125973,25.86489572156491,0.0
2026-11-17,499,67.69677089980254,0.6108615267472023,31.393894611578027,0.0
2026-11-18,499,71.27186932264867,0.5152395651691837,28.58312766760264,0.0
2026-11-19,499,68.40242751772689,0.617048770746101,26.29841933836465,0.0
2026-11-20,499,63.899059502288104,0.43701348887605695,27.70521558178419,0.0
2026-11-21,499,67.53939470096464,0.359781744297815,28.500174099330486,0.0
2026-11-22,499,69.76746215516188,0.595260844529029,30.75620903145039,0.0
2026-11-23,499,78.40079864067644,0.48460423406102116,33.88459811121797,0.0
2026-11-24,499,80.84929285825164,0.5529963387606311,33.00398606347441,0.0
2026-11-25,499,67.98731871158094,0.41675351216827383,29.736404980483098,0.0
2026-11-26,499,73.93303674291614,0.6450109117713482,29.178584709201903,0.0
2026-11-27,499,63.53328682152214,0.6055259689580885,27.979102946286503,0.0
2026-11-28,499,60.00453679947204,0.5619629034611517,34.649956277243234,0.0
2026-11-29,499,56.67391929099219,0.5611890251901415,29.850962529277332,0.0
2026-11-30,499,74.7403628162893,0.43558103569633433,32.77831401900176,0.0
2026-12-01,499,76.92999268130856,0.4783629899158722,26.774250311888295,0.0
2026-12-02,499,70.20338691011352,0.37468058909384877,29.946942164104872,0.0
2026-12-03,499,79.99216678591114,0.458348661612724,29.505580579054357,0.0
2026-12-04,499,66.76832445840039,0.30091394120508497,33.85342492162316,0.0
2026-12-05,499,68.67575500914248,0.40616617950153544,24.763501379947957,0.0
2026-12-06,499,73.05652083439612,0.4073631038438629,29.414701399154183,0.0
2026-12-07,499,73.87065174977732,0.5207941768370036,30.35005286986826,0.0
2026-12-08,499,74.5614808140686,0.591698258290934,33.921381597359655,0.0
2026-12-09,499,76.09153122251186,0.38335783860805694,32.9083230100461,0.0
2026-12-10,499,62.79490825219614,0.39394655711667037,31.400930773332576,0.0
2026-12-11,499,75.21805199579518,0.5499426647155127,29.209212179959167,0.0
2026-12-12,499,73.14730248460232,0.5847226866458635,31.89116870935048,0.0
2026-12-13,499,67.94533258832779,0.4774393456111232,31.53177601187954,0.0
2026-12-14,499,62.445718827309676,0.6950874749616773,33.69502560790224,0.0
2026-12-15,499,68.5278860433468,0.4932161676265422,36.1162801384262,0.0
2026-12-16,499,63.80778561903902,0.46854214102526975,30.329013738165866,0.0
2026-12-17,499,68.34478027330684,0.5968984469933836,32.40422110285137,0.0
2026-12-18,499,64.88502965811085,0.5651138900528498,25.977027972734074,0.0
2026-12-19,499,63.926349513452166,0.6103500157721038,24.230168165101873,0.0
2026-12-20,499,80.44040773971116,0.45491315323486814,30.500548994270673,0.0
2026-12-21,499,65.95656083028767,0.6000894629426027,26.645017283293257,0.0
